0 0 0 0 50 77 49 83 24 0 0 0 3 5 6 4 3 5 18 3
66 0 0 55 58 23 79 64 0 91 0 0 3 5 6 4 3 5 18 3
26 0 0 95 0 0 67 81 0 0 9 94 3 5 6 4 3 5 18 3
0 0 0 0 22 33 77 6 76 0 5 0 3 5 6 4 3 5 18 3
46 56 0 0 0 71 55 75 24 98 77 45 3 5 6 4 3 5 18 3
77 0 48 0 0 0 0 0 33 0 0 0 3 5 6 4 3 5 18 3
4 97 74 8 21 0 0 19 70 0 0 49 3 5 6 4 3 5 18 3
89 0 19 0 51 29 0 0 20 89 41 0 3 5 6 4 3 5 18 3
81 38 0 3 9 65 0 50 0 28 0 0 3 5 6 4 3 5 18 3
27 94 9 76 0 12 0 0 0 0 47 0 3 5 6 4 3 5 18 3
42 0 78 28 0 59 0 3 0 100 0 0 3 5 6 4 3 5 18 3
17 0 74 38 60 0 17 19 0 66 0 0 3 5 6 4 3 5 18 3
0 0 2 0 50 77 49 83 24 0 0 0 0 5 6 4 3 5 18 3
66 0 0 55 58 23 79 64 0 91 0 0 3 0 6 4 3 5 18 3
26 0 0 95 0 0 67 81 0 0 9 94 3 5 0 4 3 5 18 3
0 0 0 0 22 33 77 6 76 0 5 0 3 5 6 0 3 5 18 3
46 56 0 0 0 71 55 75 24 98 77 45 3 5 6 4 0 5 18 3
77 0 48 0 0 0 0 0 33 0 0 0 3 5 6 4 3 0 18 3
4 97 74 8 21 0 0 19 70 0 0 49 3 5 6 4 3 5 0 3
46 56 0 0 0 71 55 75 24 98 77 45 3 5 6 4 3 5 18 0